# transform file /subjects/001/mri/transforms/cc_up.lta
# created by root on Sun Nov 16 20:47:35 2025

type      = 0 # LINEAR_VOX_TO_VOX
nxforms   = 1
mean      = 130.0000 139.0000 120.0000
sigma     = 10000.0000
1 4 4
9.950653314590454e-01 -9.809257835149765e-02 -1.493175886571407e-02 1.401821422576904e+01 
9.808153659105301e-02 9.951773285865784e-01 -1.471792580559850e-03 1.109182596206665e+00 
1.500411890447140e-02 -1.164153357047226e-10 9.998874664306641e-01 2.208443641662598e+01 
0.000000000000000e+00 0.000000000000000e+00 0.000000000000000e+00 1.000000000000000e+00 
src volume info
valid = 1  # volume info valid
filename = /subjects/001/mri/norm.mgz
volume = 256 256 256
voxelsize = 1.000000000000000e+00 1.000000000000000e+00 1.000000000000000e+00
xras   = -1.000000000000000e+00 0.000000000000000e+00 0.000000000000000e+00
yras   = 0.000000000000000e+00 7.450580596923828e-09 -1.000000119209290e+00
zras   = 0.000000000000000e+00 1.000000000000000e+00 7.450580596923828e-09
cras   = -2.023391723632812e+00 -1.971061706542969e+00 -1.656704711914062e+01
dst volume info
valid = 1  # volume info valid
filename = /subjects/001/mri/norm.mgz
volume = 256 256 256
voxelsize = 1.000000000000000e+00 1.000000000000000e+00 1.000000000000000e+00
xras   = -1.000000000000000e+00 0.000000000000000e+00 0.000000000000000e+00
yras   = 0.000000000000000e+00 7.450580596923828e-09 -1.000000119209290e+00
zras   = 0.000000000000000e+00 1.000000000000000e+00 7.450580596923828e-09
cras   = -2.023391723632812e+00 -1.971061706542969e+00 -1.656704711914062e+01
