type      = 0 # LINEAR_VOX_TO_VOX
nxforms   = 1
mean      = 0.0000 0.0000 0.0000
sigma     = 1.0000
1 4 4
1.009040951728821e+00 -9.778401255607605e-02 -3.600999247282743e-03 9.668479919433594e+00 
8.400999754667282e-02 9.831461310386658e-01 3.964779973030090e-01 -6.460771179199219e+01 
-3.271400183439255e-02 -3.635780215263367e-01 1.006688952445984e+00 4.241811370849609e+01 
0.000000000000000e+00 0.000000000000000e+00 0.000000000000000e+00 1.000000000000000e+00 
src volume info
valid = 1  # volume info valid
filename = /subjects/001/mri/orig.mgz
volume = 256 256 256
voxelsize = 1.000000000000000e+00 1.000000000000000e+00 1.000000000000000e+00
xras   = -1.000000000000000e+00 0.000000000000000e+00 0.000000000000000e+00
yras   = 0.000000000000000e+00 7.450580596923828e-09 -1.000000119209290e+00
zras   = 0.000000000000000e+00 1.000000000000000e+00 7.450580596923828e-09
cras   = -2.023391723632812e+00 -1.971061706542969e+00 -1.656704711914062e+01
dst volume info
valid = 1  # volume info valid
filename = /usr/local/freesurfer/average/mni305.cor.mgz
volume = 256 256 256
voxelsize = 1.000000000000000e+00 1.000000000000000e+00 1.000000000000000e+00
xras   = -1.000000000000000e+00 0.000000000000000e+00 0.000000000000000e+00
yras   = 0.000000000000000e+00 0.000000000000000e+00 -1.000000000000000e+00
zras   = 0.000000000000000e+00 1.000000000000000e+00 0.000000000000000e+00
cras   = 0.000000000000000e+00 0.000000000000000e+00 0.000000000000000e+00
subject fsaverage
fscale 0.100000
