# transform file transforms/talairach_with_skull.lta
# created by root on Sun Nov 16 18:57:02 2025

type      = 0 # LINEAR_VOX_TO_VOX
nxforms   = 1
mean      = 130.0000 153.0000 132.0000
sigma     = 10000.0000
1 4 4
1.009924530982971e+00 -1.220859810709953e-01 -1.638329401612282e-02 1.317116546630859e+01 
1.093682944774628e-01 1.156544208526611e+00 3.606581985950470e-01 -8.581626129150391e+01 
-1.867780461907387e-02 -3.106735050678253e-01 9.516516327857971e-01 4.274166107177734e+01 
0.000000000000000e+00 0.000000000000000e+00 0.000000000000000e+00 1.000000000000000e+00 
src volume info
valid = 1  # volume info valid
filename = nu.mgz
volume = 256 256 256
voxelsize = 1.000000000000000e+00 1.000000000000000e+00 1.000000000000000e+00
xras   = -1.000000000000000e+00 0.000000000000000e+00 0.000000000000000e+00
yras   = 0.000000000000000e+00 7.450580596923828e-09 -1.000000119209290e+00
zras   = 0.000000000000000e+00 1.000000000000000e+00 7.450580596923828e-09
cras   = -2.023391723632812e+00 -1.971061706542969e+00 -1.656704711914062e+01
dst volume info
valid = 1  # volume info valid
filename = /usr/local/freesurfer/average/RB_all_withskull_2020_01_02.gca
volume = 256 256 256
voxelsize = 1.000000000000000e+00 1.000000000000000e+00 1.000000000000000e+00
xras   = -1.000000000000000e+00 0.000000000000000e+00 0.000000000000000e+00
yras   = 0.000000000000000e+00 0.000000000000000e+00 -1.000000000000000e+00
zras   = 0.000000000000000e+00 1.000000000000000e+00 0.000000000000000e+00
cras   = 0.000000000000000e+00 0.000000000000000e+00 0.000000000000000e+00
