# transform file transforms/talairach.lta
# created by root on Sun Nov 16 19:02:50 2025

type      = 0 # LINEAR_VOX_TO_VOX
nxforms   = 1
mean      = 131.0000 139.0000 120.0000
sigma     = 10000.0000
1 4 4
8.772747516632080e-01 -1.833275556564331e-01 -1.237780787050724e-02 3.737574768066406e+01 
1.471363902091980e-01 9.341835975646973e-01 4.563551843166351e-01 -7.458001708984375e+01 
-5.944761261343956e-02 -4.570854008197784e-01 9.719229340553284e-01 6.309773254394531e+01 
0.000000000000000e+00 0.000000000000000e+00 0.000000000000000e+00 1.000000000000000e+00 
src volume info
valid = 1  # volume info valid
filename = nu.mgz
volume = 256 256 256
voxelsize = 1.000000000000000e+00 1.000000000000000e+00 1.000000000000000e+00
xras   = -1.000000000000000e+00 0.000000000000000e+00 0.000000000000000e+00
yras   = 0.000000000000000e+00 7.450580596923828e-09 -1.000000119209290e+00
zras   = 0.000000000000000e+00 1.000000000000000e+00 7.450580596923828e-09
cras   = -2.023391723632812e+00 -1.971061706542969e+00 -1.656704711914062e+01
dst volume info
valid = 1  # volume info valid
filename = /usr/local/freesurfer/average/RB_all_2020-01-02.gca
volume = 256 256 256
voxelsize = 1.000000000000000e+00 1.000000000000000e+00 1.000000000000000e+00
xras   = -1.000000000000000e+00 0.000000000000000e+00 0.000000000000000e+00
yras   = 0.000000000000000e+00 0.000000000000000e+00 -1.000000000000000e+00
zras   = 0.000000000000000e+00 1.000000000000000e+00 0.000000000000000e+00
cras   = 0.000000000000000e+00 0.000000000000000e+00 0.000000000000000e+00
